            8 9 ! \n
                 19 15 0 8 15 23 0 23 1 19 0 9 20 ? \n
                 4 9 4 0 25 15 21 0 12 9 11 5 0 13 25 0 8 1 18 4 0 23 15 18 11 ? \n
                 9 0 21 19 5 4 0 13 15 19 20 0 15 6 0 13 25 0 11 14 15 23 12 5 4 7 5 0 9 14 0 20 8 9 19 0 17 21 5 19 20 . \n
                 13 21 19 20 0 19 1 25 , 0 1 19 0 13 21 3 8 0 6 21 14 0 1 19 0 9 20 0 23 1 19 , 0 9 0 4 15 14 ’ 20 0 11 14 15 23 0 9 6 0 9 0 23 1 14 20 0 20 15 0 13 1 11 5 0 19 15                  13 5 20 8 9 14 7 0 12 9 11 5 0 20 8 9 19 0 1 7 1 9 14 0 9 14 0 20 8 5 0 14 5 1 18 0 6 21 20 21 18 5 . \n
                 9 20 0 23 1 19 0 1 0 16 1 9 14 0 9 14 0 20 8 5 0 1 19 19 . \n
                 2 21 20 0 9 0 12 15 22 5 4 0 13 1 11 9 14 7 0 9 20 . \n
                 6 18 15 13 0 20 8 5 0 13 15 13 5 14 20 0 20 8 1 20 0 23 5 0 2 5 3 1 13 5 0 6 18 9 5 14 4 19 , 0 25 15 21 0 2 5 3 15 13 5 0 15 14 5 0 15 6 0 20 8 5 0 2 5 19 20 0                    16 5 15 16 12 5 0 9 0 11 14 5 23 0 9 14 0 15 21 18 0 2 1 19 5 . \n
                 5 22 5 14 0 9 6 0 9 0 1 13 0 1 0 13 15 15 4 25 0 16 5 18 19 15 14 0 1 14 4 0 19 15 13 5 20 9 13 5 19 0 23 1 19 0 1 14 7 18 25 0 1 20 0 25 15 21 0 6 15 18 0 19 20                  21 16 9 4 0 18 5 1 19 15 14 19 , 0 25 15 21 0 1 12 23 1 25 19 0 23 5 18 5 0 1 14 0 9 13 16 15 18 20 1 14 20 0 6 9 7 21 18 5 0 6 15 18 0 13 5 . \n
                 9 0 18 5 1 12 12 25 0 12 15 22 5 0 25 15 21 18 0 2 18 1 9 14 0 1 14 4 0 20 8 5 0 23 1 25 0 15 6 0 20 8 9 14 11 9 14 7 , 0 1 14 4 0 25 15 21 18 0 19 5 14 19 5 0 15                  6 0 8 21 13 15 18 0 9 19 0 20 15 16 0 14 15 20 3 8 . \n
                 9 ' 13 0 8 1 16 16 25 0 20 8 1 20 0 20 8 5 0 21 14 9 22 5 18 19 5 0 13 5 20 0 2 5 20 23 5 5 14 0 21 19 . \n
                 8 15 16 5 0 23 5 0 23 15 14 ' 20 0 12 15 19 5 0 20 15 21 3 8 . \n
                 \n
                 20 8 5 0 15 14 12 25 0 15 14 5 , 0 20 1 12 9 20 1 12 9 . \n
